-3.757762746726860462e-04
-2.450456864839207008e-02
3.302875677386152634e-03
1.801748348562156113e-02
-7.276215339583137764e-02
-2.794588821644717475e-02
-3.217831573118179467e-02
1.641548989359561776e-03
-6.724417546774348782e-04
-4.244294133934582020e-02
-3.589652308057439400e-02
-4.962224595546076145e-02
3.380008702187407149e-02
1.463549701356713344e-03
3.500652664055950783e-03
-2.921166093113405915e-02
5.320200941418457702e-03
-2.565167517107715123e-02
3.558007990190252545e-02
-6.920216763577471952e-02
1.008662632016113069e-03
-5.381511807286116361e-02
-1.779992880028488308e-02
-4.511293065938874053e-02
-3.209920493651368528e-02
-3.698429650725884241e-03
4.709070052608665263e-02
6.111308888097792547e-03
3.207942723784654171e-02
-1.117439974684545506e-02
-3.577785688857262891e-02
-7.193149005181800892e-02
-3.152565167517144828e-02
-1.829437126695943050e-02
3.522408132589685548e-02
2.175546853368181231e-04
-2.719433566710180786e-02
-5.875954273960697083e-02
-5.288556623551300684e-02
-3.886317788062201850e-02
1.006684862149431932e-02
-2.978521419247658758e-02
-3.152565167517117767e-02
1.908547921363867861e-02
5.634666350223454384e-02
-3.917962105929371358e-02
-1.710770934694076650e-02
-5.250978996084047085e-02
-7.357303904117750218e-03
1.708793164827337660e-02
1.416083224555989874e-02
-4.058383766464947889e-02
5.302401012618163795e-02
-1.803726118428868389e-02
-1.916459000830664228e-02
-8.057434436929000743e-02
-3.963450812863436590e-02
-4.248249673667992693e-02
-2.130058146434085989e-02
-7.157549147581258875e-02
-7.351370594517665780e-02
2.739211265377151580e-02
-3.573830149123862626e-02
-2.849966377912273655e-02
-5.134290573948833980e-02
-1.342905739488151409e-02
-3.500652664056017570e-03
-1.817570507495749194e-02
8.259166963332081890e-02
-5.531822317155206392e-02
4.732803291009024527e-02
-1.971836557098217632e-02
1.089751196550766896e-02
2.353546141370945529e-03
8.102923143862905686e-02
-3.004232427514741052e-02
4.175072188600103401e-02
-8.445077330801834328e-03
1.849214825362918008e-02
-2.173569083501442414e-02
-3.025987896048439735e-02
-5.933309600097491990e-05
6.655195601439771458e-02
-1.323128040821172462e-02
-2.274435346703061397e-02
-2.749100114710668463e-03
-1.022507021083038370e-02
3.352319924053626110e-02
-4.813891855543708798e-02
7.693524781456410194e-03
-2.292235275503346631e-02
-4.629959257940766126e-02
-3.067521063249087701e-02
-7.003283097978782457e-02
1.475416320556925502e-02
1.596060282425532106e-02
1.469483010956842105e-02
-3.692496341125754700e-02
-2.325857363237219047e-02
-3.698429650725871404e-02
-2.482101182706389353e-02
-4.985957833946448592e-02
-2.933032712313596302e-02
2.709544717376646730e-03
-1.040306949883312328e-02
-2.814366520311705616e-02
3.439341798188356308e-02
-1.032593647403196313e-01
1.228195087219650407e-02
-4.588426090740156324e-03
-2.806455440844917576e-02
3.666785332858655405e-02
6.224041770499572079e-02
-4.333293777936027963e-02
-2.268502037102964469e-02
1.819548277362440653e-02
-6.170641984098751420e-02
-1.443772002689789214e-03
4.667536885408014175e-03
-2.191369012301734240e-02
-1.192595229619082715e-02
-4.641825877140946105e-02
-2.580989676041298489e-02
-2.393101538704942109e-03
-7.673747082789452237e-03
4.673470195008104511e-02
-6.261619397966877720e-02
-3.164431786717322899e-03
9.303429452948794309e-02
1.801748348562156113e-02
-3.734029508326425911e-02
-4.107828013132404366e-02
-1.865036984296511435e-02
-4.066294845931747726e-02
-2.719433566710179398e-02
1.505082868557414653e-02
3.463075036588723205e-02
-3.969384122463529702e-02
1.778015110161777768e-02
2.246746568569270991e-02
-6.131086586764717544e-03
-5.769154701158987070e-02
-2.327835133103922649e-02
-1.829437126695945132e-02
-2.630433922708794083e-03
-2.986432498714458421e-03
-8.919742098809427255e-03
-2.161702464301262436e-02
-3.306831217119582389e-02
-3.306831217119593491e-02
-6.362485661168504336e-02
1.849214825362921130e-02
-5.838376646493429606e-02
-1.892725762430293168e-02
2.679878169376210054e-02
-5.721688224358234542e-02
-2.978521419247663962e-02
-6.409952137969261721e-02
5.913531901427928478e-03
-6.698706538507226416e-02
5.557533325422208195e-03
-1.087773426684091049e-03
-3.336497765120083336e-02
-6.908350144377242708e-02
-3.283097978719228677e-02
-1.483327400023755870e-03
-1.503105098690717990e-02
-8.009967960128240583e-03
-8.445077330801827389e-03
-4.879158261144748987e-02
-1.851192595229620569e-02
1.831414896562629652e-02
-3.103120920849659556e-02
-3.817095842727749079e-03
2.501878881373357025e-02
9.206518729480557550e-02
4.964202365412725276e-03
-1.032395870416520992e-02
-4.728847751275688099e-02
1.186661920018713436e-04
-1.342905739488156787e-02
-3.680629721925567782e-02
-4.357027016336399716e-02
2.887544005379522050e-02
-1.793837269095378828e-02
7.871524069459290285e-03
1.779992880028435746e-03
-5.061113088880989791e-02
-2.102369368300311195e-02
-4.879158261144758701e-02
-2.232902179502396778e-02
2.608678454175068773e-02
-6.793639492108730082e-02
3.035876745381899805e-02
-5.175823741149501722e-02
-8.148411850797076389e-03
3.391875321387596148e-02
-1.295439262687402004e-02
-1.762192951228194401e-02
3.012143506981528052e-02
-3.031921205648519316e-02
3.795340374194037386e-02
-5.276690004351114460e-02
4.602270479806960801e-02
-5.223290217950269515e-02
-4.244294133934586877e-02
-4.570626161939810722e-02
2.768877813377410013e-04
-2.137969225900885478e-02
-1.619793520825921554e-02
-8.247300344131961586e-03
-4.042561607531357237e-02
-6.374352280368685009e-02
2.080613899766616329e-02
-1.105573355484359109e-02
-2.482101182706383455e-02
-1.485305169890432236e-02
5.302401012618135345e-02
4.527115224872418908e-02
-3.091254301649468822e-02
-3.205964953917964100e-02
-1.942170009097743399e-02
-2.493967801906575230e-02
-3.775562675527088102e-02
2.217080020568795717e-02
7.040860725445978810e-03
-1.975792096831616856e-02
-9.625805941220737239e-02
-5.140223883548918765e-02
3.498674894189304774e-02
-1.414105454689294772e-02
-6.291285945967350912e-02
1.821526047229136275e-02
-3.241564811518558159e-02
-8.504410426802872132e-04
2.128080376567380999e-02
7.119971520113755128e-04
-1.366638977888538428e-02
5.992642696095779389e-03
1.997547565365294375e-02
-2.907321704046532916e-03
4.602270479806942066e-02
-8.207744946798002303e-03
1.778015110161779155e-02
-3.518452592856312344e-02
-3.633163245124805540e-02
-1.983703176298409407e-02
-4.966180135279463920e-02
-2.327835133103919180e-02
-5.179779280882897824e-02
-2.885566235512838570e-02
-1.228195087219653356e-02
-1.584193663225350393e-02
-5.549622245955504463e-02
2.818322060045087146e-02
3.154542937383794654e-02
5.161979352082575467e-02
2.519678810173639830e-02
-6.754084094774762126e-02
-2.683833709109614135e-02
-6.461374154503417289e-02
-1.129306593884738148e-02
2.395079308571651522e-02
-1.829437126695945826e-02
-2.897432854713031039e-02
-2.648233851509048872e-02
-6.018353704362981033e-02
-3.526363672323096221e-02
6.744195245441224340e-03
-4.052450456864848533e-02
3.077409912582565119e-02
-8.563743522803693095e-03
2.189391242435025087e-02
4.153316720066383902e-04
-4.645781416874348452e-02
-2.575056366441221337e-02
-1.412127684822595854e-02
7.416637000118641437e-03
-2.363434990704490340e-02
1.180728610418889553e-02
7.592658518254770394e-02
2.662078240575913718e-02
-1.663304457893290816e-02
-2.719433566710176969e-02
-1.046240259483414634e-02
-5.535777856888591392e-02
3.937739804596330356e-02
-9.157074482813273159e-03
2.828210909378586161e-03
-5.571377714489169491e-02
-3.874451168862003136e-02
-4.461848819271398842e-02
-9.513073058818941399e-03
-4.224516435267609143e-02
2.100391598433605164e-02
-5.650488509157106792e-02
4.271982912068345017e-02
2.551323128040772735e-03
-3.383964241920817823e-02
-3.340453304853454458e-02
-5.043313160080749660e-03
-5.519955697954997270e-02
-5.161979352082603223e-03
-1.785926189628575869e-02
-3.209920493651377549e-02
3.287053518452585921e-02
-2.351568371504294402e-02
-2.268502037102966204e-02
-2.755033424310754028e-02
-4.345160397136214880e-02
-4.867291641944578723e-02
-2.232902179502398513e-02
-3.514497053122911385e-02
1.204461848819268592e-02
-1.876903603496697659e-02
1.109528895217749660e-02
-1.615837981092520942e-02
-2.505834421106786780e-02
1.726593093627626016e-02
-9.499228669752050880e-02
-1.898659072030380382e-02
4.016850599264266963e-02
-1.263794944820220006e-02
-6.071753490763873162e-03
-3.585696768324051625e-02
-4.380760254736781878e-02
2.658122700842521086e-02
2.224991100035603186e-02
-4.985957833946456919e-02
-2.126102606700681907e-02
-2.723389106443579663e-02
4.252205213401345427e-03
-4.511293065938860175e-02
-4.610181559273782842e-02
2.472212333372874118e-03
-9.572406154819874946e-02
3.955539733396839022e-05
-4.535026304339240255e-02
-1.156995372018523698e-02
7.930857165460191913e-03
-6.407974368102566098e-02
-5.537755626755279728e-03
3.516474822989593824e-02
2.169613543768040068e-02
-3.069498833115787834e-02
-9.246074126814708694e-02
-3.447252877655165859e-02
-3.455163957121964308e-02
6.566195957438384148e-03
7.871524069459245182e-03
1.760215181361492534e-03
-5.448755982753869520e-02
-1.485305169890432583e-02
-6.307108104900953360e-02
-1.135239903484831087e-02
-4.574581701673202661e-02
3.190142794984371366e-02
3.374075392587302241e-02
-1.247972785886639589e-02
-3.016099046714930051e-02
-3.856651240061728745e-03
-1.390372216288915386e-02
-4.232427514734377755e-02
-4.550848463272830907e-02
-1.562438194691670532e-03
-1.336972429888063155e-02
1.060084648550291796e-02
-5.496222459554629680e-02
-2.909299473913220038e-02
-1.936236699497658267e-02
1.232150626953046162e-02
2.039080732565956566e-02
-6.309085874767614982e-03
-3.099165381116260679e-02
3.451208417388541144e-02
-1.839325976029456203e-03
-1.805703888295561929e-02
-1.568371504291760782e-02
-2.114235987500497072e-02
-8.075234365729265507e-02
-1.400261065622405640e-02
-2.292235275503361897e-02
-2.699655868043195767e-02
2.254657648036051659e-03
7.535303192120510613e-03
-2.713500257110090103e-02
-2.327835133103918486e-02
-1.574304813891864302e-02
-2.808433210711616061e-03
4.044539377398034125e-02
-1.305328112020897463e-02
-8.682409714805557066e-03
-2.114235987500513031e-02
6.269530477433621005e-03
-4.754558759542761026e-02
-4.147383410466398690e-02
1.145128752818321341e-02
-2.013369724298882946e-02
-9.631739250820803636e-03
8.998852893477231329e-03
2.195324552035130081e-03
-3.170365096317413062e-02
-1.099640045884262007e-02
-2.582967445907998968e-02
9.295518373482029167e-03
-1.429927613622880393e-02
-1.882836913096792852e-02
-4.944424666745772523e-03
-4.054428226731533400e-03
-3.247498121118631148e-02
-2.304101894703534242e-02
-9.097741386812430511e-04
4.673470195008092021e-02
-2.713500257110090449e-02
1.062062418416990714e-02
6.218108460899430395e-02
-6.688817689173753855e-02
-1.117439974684548629e-02
-5.697954985957850299e-02
-6.123175507298008607e-02
-6.876705826510051689e-02
-1.746370792294615545e-02
-6.912305684110639503e-02
-4.647759186741046156e-02
-2.130058146434084254e-02
-3.069498833115786793e-02
-3.894228867528981564e-02
6.174597523832097562e-02
9.077963688145200202e-03
2.472212333372897537e-03
1.216328468019458806e-02
9.948182429492496981e-03
1.149084292551717616e-02
-9.275740674815105904e-03
2.828210909378577054e-03
-5.318223171551777345e-02
1.944147778964436246e-02
-5.614888651556521754e-02
-5.078913017681277453e-02
-3.621296625924613766e-02
-1.109528895217763191e-02
3.619318856057907128e-03
-4.131561251532789997e-02
1.952058858431228103e-02
2.472212333372896670e-03
4.038606067797939625e-02
7.812190973458307125e-03
-2.909299473913234610e-02
2.602745144574975314e-02
-2.244768798702587165e-02
-4.173094418733440739e-03
5.349867489418875383e-02
-7.495747794786612045e-03
2.082591669633321665e-02
-2.517701040306949758e-02
5.933309600094912456e-03
2.343657292037491791e-02
-1.072940152683840437e-01
1.501127328824014909e-02
4.014872829397541157e-03
1.582215893358579484e-04
-4.131561251532793466e-02
-1.732526403227724332e-02
-3.004232427514754236e-02
-2.921166093113409037e-02
3.672718642458751986e-02
-2.616589533641868262e-02
-4.677425734741526980e-02
-5.021557691547034324e-02
6.506862861437423540e-03
-1.615837981092527881e-02
8.514299276136177985e-02
-1.746370792294611382e-02
-7.365214983584580932e-02
-3.708318500059342576e-02
-6.961749930778042897e-03
-3.929828725129556888e-02
-5.341956409952147711e-02
9.295518373482044780e-04
1.892725762430275474e-02
7.980301412127625837e-02
-1.091728966417468763e-02
1.346861279221550287e-02
-4.034650528064575442e-03
1.489260709623826950e-02
1.516949487757602091e-02
-3.585696768324057176e-02
-1.568371504291765986e-02
-6.010442624896198544e-02
4.153316720066418596e-03
-5.537755626755269320e-03
-2.167635773901352772e-02
-3.079387682449274966e-02
-4.345160397136216268e-02
-3.182231715517587489e-02
-4.760492069142847199e-02
-4.451959969937916567e-02
-4.432182271270927731e-02
8.464855029468774938e-03
-5.935287369961648324e-02
2.739211265377152968e-02
1.030418100549819818e-02
-7.733080178790407641e-03
-2.683833709109616564e-02
-3.648985404058407989e-02
1.220284007752857162e-02
-3.075432142715881292e-02
-1.064633519243712440e-01
4.786203077409892023e-03
5.438867133420311265e-03
1.303350342154187269e-02
-1.839325976029473550e-03
-3.316720066453072990e-02
8.128634152130047308e-03
1.578260353625251036e-02
-2.766900043510935742e-02
1.957992168031339689e-03
-7.050749574779532902e-02
-4.232427514734398571e-02
1.940192239231039104e-02
1.878881373363374720e-03
-3.811162533127657182e-02
-1.251928325620034477e-02
1.985680946165092192e-02
4.034650528064511257e-03
-1.592104742692144678e-02
-2.094458288833522808e-02
-1.064040188283696745e-02
1.849214825362918008e-02
6.862861437443133414e-03
-1.752304101894705882e-02
-2.618567303508575680e-02
-1.194572999485785103e-02
-8.721965112139585738e-03
-2.304101894703538753e-02
1.228195087219635835e-02
-6.309085874767611513e-03
-3.283097978719201615e-03
-3.858629009928416648e-02
-3.828962461927946231e-02
3.569874609390433912e-02
-4.159250029666574505e-02
-6.843083738776216396e-02
-5.294489933151390326e-02
-5.009691072346846713e-02
-5.577311024089226868e-03
9.908627032158525555e-03
-1.384438906688900163e-04
-1.236106166686445906e-02
-5.517977928088302689e-03
3.219809342984843170e-02
-3.004232427514739664e-02
-5.982753846762415423e-02
-8.913808789209351491e-02
-2.369368300304580330e-02
-7.802302124124867178e-02
-2.885566235512839958e-02
3.476919425655622398e-02
3.910051026462541685e-02
1.291483722953996535e-02
-2.058858431232959280e-02
6.862861437443159435e-03
1.125351054151335628e-02
-3.550096910723484628e-02
-1.366638977888534959e-02
-6.825283809975948857e-02
-3.538230291523287996e-02
-9.394406866817049673e-03
-2.547367588307431971e-02
-6.137019896364886290e-02
-1.396305525889011794e-02
-2.153791384834468844e-02
-1.799770578695475236e-03
4.151338950199748995e-02
-3.138720778450223431e-02
7.812190973458291512e-03
2.669989320042663161e-03
3.777540445393788495e-03
4.669514655274698695e-02
1.819548277362438224e-02
-4.392626873936963938e-02
-4.262094062734885641e-02
-9.730627744155704445e-03
-2.557256437640922225e-02
1.807681658162255470e-02
-1.479371860290337910e-02
5.972864997428885964e-02
-6.463351924370176749e-02
-3.544163601123397067e-02
3.546141370990058689e-02
4.568648392073078324e-02
-5.033424310747224711e-02
1.760215181361476922e-03
-5.684110596890962902e-02
-9.730627744155700976e-03
-2.381234919504776268e-02
-5.591155413156158327e-02
3.043787824848676396e-02
-4.794114156876717880e-02
-4.206716506467313155e-02
4.311538309402294933e-02
-1.026462560816430308e-02
2.691744788576397318e-02
-7.594636288121521528e-03
-3.811162533127651630e-02
-1.008069301056139927e-01
-3.739962817926503758e-02
1.944147778964431042e-02
-6.526640560104738850e-04
-2.114235987500514766e-02
4.153316720066353544e-04
-1.940192239231044655e-02
2.561211977374307572e-02
-2.719433566710182520e-02
3.202009414184563141e-02
-1.370594517621935050e-02
7.040860725445957993e-03
-6.801550571575536164e-02
5.417111664886653521e-02
-4.345160397136195451e-02
-1.924370080297463023e-02
-6.932083382777617930e-02
3.035876745381901193e-02
-6.348641272101604449e-02
-3.027965665915123561e-02
-3.488786044855840540e-02
4.489537597405083777e-03
4.687314584074973867e-03
5.076935247814531177e-02
-3.401764170721104791e-02
-2.114235987500496378e-02
-3.995095130730597077e-02
-5.025513231280458876e-02
-3.016099046714924847e-02
-2.387168229104862788e-02
-4.914758118745331250e-02
-2.043036272299361689e-02
-3.174320636050801531e-02
3.546141370990066322e-02
7.849768600925510764e-02
1.368616747755227285e-02
-1.631660140026107084e-02
-2.794588821644717128e-02
-2.185435702701641128e-02
-6.291285945967356463e-02
-2.693722558443106471e-02
-1.601993592025641525e-02
-5.235156837150463371e-02
-1.779992880028486921e-02
1.512993948024206510e-02
-6.190419682765751011e-03
3.777540445393771582e-03
-1.940192239231044308e-02
-2.695700328309798971e-02
-2.551323128040839956e-03
3.607452236857713185e-02
-3.502630433922707121e-02
-2.695700328309801400e-02
-8.166211779597369602e-02
-3.508563743522818273e-02
-1.420038764289389445e-02
-5.650488509157097772e-02
-2.913255013646620997e-02
1.228195087219646590e-02
-1.821526047229150846e-02
4.964202365412742624e-03
5.492266919821187782e-02
2.448479094972506528e-02
-1.681104386693562693e-03
2.242791028835879746e-02
-3.020054586448325459e-02
5.955065068628605934e-02
-2.126102606700696132e-02
1.035362525216555196e-01
2.984454728847747706e-02
-4.562715082473010886e-02
-2.545389818440734614e-02
3.747873897393288328e-02
-9.030497211344558350e-02
2.931054942446894435e-02
-9.869071634824566272e-03
-1.325105810687874849e-02
-4.908824809145221485e-02
-3.692496341125769965e-02
8.642854317471592579e-03
2.925121632846789527e-02
2.076658360033216671e-03
-1.325105810687892717e-03
-3.550096910723473526e-02
-6.040109172896654388e-02
-8.098967604129675424e-02
-3.579763458723936569e-03
4.270005142201632048e-02
-4.707092282742018560e-03
-3.832918001661356211e-02
-5.357778568885743220e-02
-2.511767730706917969e-03
-7.167437996914736986e-02
-3.079387682449291619e-02
-4.123650172065989467e-02
-1.325105810687905294e-03
-2.393101538704957634e-02
-2.588900755508093815e-02
3.391875321387595454e-02
-4.760492069142858995e-02
4.117716862465861660e-02
-4.236383054467789816e-02
-1.876903603496700088e-02
-2.019303033898982302e-02
-2.387168229104863135e-02
4.188916577666999125e-02
5.373600727819276279e-02
8.761520509473444407e-03
5.933309600095059040e-04
-3.728096198726334187e-02
-2.867766306712579705e-03
-5.122423954748661287e-03
-2.938966021913713006e-02
-4.273960681935078804e-02
3.593607847790805665e-02
-6.682884379573605926e-02
3.362208773387033445e-03
8.524188125469704322e-03
-1.366638977888537734e-02
5.557533325422223808e-03
3.065543293382331017e-03
-1.247972785886632303e-02
9.948182429492491777e-03
-1.621771290692619258e-02
-5.798821249159501201e-02
-1.459594161623356014e-02
-4.010917289664180790e-02
-5.697954985957896096e-02
-4.535026304339243031e-02
2.288279735769941509e-02
1.013211502709535083e-01
-5.458644832087349019e-03
2.224991100035587921e-02
-1.888770222696890475e-02
-2.966654800047848276e-04
1.477394090423637431e-02
2.573078596574501081e-02
-1.924370080297461288e-02
-8.326411138799911377e-03
2.027214113365766179e-02
-7.436414698785755520e-03
-2.260590957636170531e-02
-4.647759186741078768e-03
1.315216961354376442e-02
-3.455163957121957369e-02
3.961473042996706967e-02
3.411653020054578739e-02
-2.646256081642352556e-02
7.818124283058366930e-02
2.175546853368098832e-04
2.709544717376572136e-03
-3.559985760056968984e-02
1.412127684822592905e-02
1.267750484553612639e-02
5.290534393417963693e-02
6.536529409437885629e-02
-1.841303745896127886e-02
-9.691072346821876134e-04
-3.010165737114835205e-02
-6.336774652901408511e-02
2.252679878169372776e-02
-5.122423954748624858e-03
-1.762192951228195442e-02
-3.917962105929365807e-02
5.444800443020419989e-02
-3.868517859261909331e-02
4.827736244610562888e-02
5.913531901427914600e-03
-3.423519639254789942e-02
-3.087298761916075843e-02
1.066017958150386989e-02
2.468256793639489813e-02
7.557058660654203397e-02
-2.806455440844908902e-02
-1.299394802420789259e-02
-1.352794588821652419e-02
-3.245520351251938995e-02
9.325184921482479461e-02
-2.094458288833509971e-02
-1.503105098690719725e-02
-2.195324552035146561e-03
-2.260590957636178511e-02
-6.823306040109184539e-03
3.202009414184558284e-02
-1.336972429888067318e-02
7.040860725445956259e-02
-1.186661920018990471e-02
-4.562715082473020600e-02
-2.132035916300786468e-02
-1.758237411494798300e-02
1.779992880028410593e-04
-1.811637197895660245e-02
2.668011550176016891e-02
-3.122898619516639371e-02
-4.487559827538505769e-02
-4.440093350737719935e-02
-4.997824453146650775e-02
3.890273327795553543e-02
-4.291760610735348078e-03
-2.901388394446427141e-02
-2.404968157905150797e-02
-2.497923341639978964e-02
-3.075432142715880252e-02
4.537004074205894938e-02
-1.959969937898031409e-02
-2.505834421106764576e-02
-2.272457576836368898e-02
-4.800047466476810992e-02
5.438867133420304326e-03
3.447252877655146430e-02
-1.295439262687394545e-02
-2.094458288833513787e-02
-5.951109528895235506e-02
1.107551125351052476e-03
-8.801075906807538998e-03
-9.113563545745884120e-02
-1.323128040821172809e-02
-5.697954985957877361e-02
-3.947628653929836223e-02
3.500652664056008896e-03
-4.018828369130978545e-02
4.495470907005241767e-02
-6.042086942763376378e-02
-9.611961552153798841e-03
-4.972113444879571603e-02
3.474941655788914979e-02
-1.853170365096319661e-02
-2.337723982437412557e-02
1.957992168031321562e-02
-1.307305881887588506e-01
-1.758237411494808014e-02
-2.052925121632854719e-02
-7.139749218780933396e-03
-7.555080890787560510e-03
-1.977769866699872342e-05
-6.348641272101589877e-03
-4.327360468335924443e-02
3.967406352596797303e-02
-4.713025592342082182e-02
2.228946639768989574e-02
-3.619318856057988226e-03
-1.299394802420794984e-02
-3.407697480321195127e-02
1.125351054151337536e-02
-5.514022388354909016e-02
3.203987184051263100e-03
-3.103120920849655046e-02
-2.272457576836363694e-02
2.116213757367162076e-03
3.463075036588741246e-02
-2.533523199240542145e-02
-5.917487441161363437e-02
1.107551125351054384e-02
-4.285827301135269884e-02
-1.295439262687395586e-02
-7.713302480123417591e-04
9.926426960958749379e-02
-2.292235275503344202e-02
4.740714370475842404e-02
-1.449705312289860555e-02
4.792136387009997278e-02
1.364661208021833265e-02
-3.823029152327839936e-02
-1.679126616826862733e-02
1.311261421620978258e-02
-1.075906807483883836e-02
2.889521775246227733e-02
-2.871721846445947357e-02
-1.087773426684087580e-03
2.134013686167470294e-02
-3.520430362723013518e-02
7.475970096119603781e-03
-6.231952849966412161e-02
-3.223764882718257313e-02
-2.737233495510467060e-02
4.845536173410812733e-03
-3.561963529923675709e-02
-3.025987896048398622e-03
-4.766425378742947944e-03
-4.420315652070744977e-02
-4.129583481666095068e-02
-3.470986116055541082e-02
-1.050195799216805184e-02
-3.573830149123858463e-02
-5.288556623551302766e-02
9.473517661484891911e-03
-6.852972588109679242e-02
-4.119694632332592671e-02
7.218860013448806859e-03
2.604722914441655671e-02
-1.865036984296511088e-02
-1.212372928286071030e-02
-2.671967089909423401e-02
3.955539733396603447e-02
4.455915509671275893e-02
-1.607926901625732555e-02
-3.146631857917022573e-02
-4.962224595546081696e-02
-3.637118784858210663e-02
-8.148411850797027817e-03
-5.775088010759105855e-02
-9.453739962817925280e-03
-9.493295360152743251e-04
-5.834421106760067158e-03
1.690993236027049998e-02
-3.603496697124328879e-02
4.163205569399935913e-02
1.149084292551720218e-02
4.554804003006204111e-02
-9.898738182825127241e-02
3.296942367786082767e-02
-7.917012776393422824e-02
-4.647759186741103055e-03
-2.357501681104389596e-02
-9.712827815355477845e-02
3.006210197381241171e-03
2.205213401368620596e-02
2.644278311775633342e-02
-2.066769510699742463e-02
-2.213124480835417310e-02
4.396582413670330897e-02
-8.492543807602637163e-02
-2.143902535500981019e-02
-2.582967445907998275e-02
2.230924409635681727e-02
-5.695977216091146350e-03
2.165658004034649517e-02
4.347138167002876502e-02
9.908627032158520351e-03
-2.165658004034662354e-02
-3.253431430718739525e-02
-3.194098334717777876e-02
-1.307305881887586667e-02
-7.238637712115818593e-03
-4.315493849135722260e-02
-4.309560539535639556e-02
-2.203235631501936770e-02
-3.146631857917023961e-02
-4.001028440330696434e-02
-1.839325976029432264e-02
-1.245995016019934946e-02
-3.170365096317404041e-02
-3.627229935524720061e-02
4.252205213401359304e-03
-2.838099758712079451e-02
3.427475178988158983e-02
7.218860013448851962e-03
-3.476919425655640439e-02
5.183734820616259231e-02
-1.657371148293192500e-02
1.267750484553615588e-02
-8.563743522803687891e-03
3.777540445393762474e-03
-8.118745302796641361e-02
-1.200506309085875092e-02
3.955539733394323673e-05
-7.234682172382485288e-02
-3.838851311261436833e-02
-5.781021320359197579e-02
-1.331039120287971084e-02
-2.452434634705942616e-03
-1.242039476286542314e-02
-2.616589533641869303e-02
-2.215102250702110157e-02
9.354851469482920387e-03
-2.213124480835426330e-02
-1.829437126695940968e-02
7.456192397452628476e-03
-2.616589533641871385e-02
1.807681658162252000e-02
9.592183853486766290e-03
-1.805703888295561235e-02
-3.348364384320246662e-02
4.436137811004308568e-02
1.908547921363867861e-02
-4.853447252877672591e-02
-9.908627032158640047e-03
-1.425972073889486894e-02
-3.739962817926507921e-02
6.981527629445045957e-03
-1.414105454689298935e-02
-4.064317076065060430e-02
6.900439064910343645e-02
-2.268502037102967592e-02
-2.980499189114377279e-02
6.607729124638964113e-02
6.922194533444288311e-04
6.744195245441272912e-03
-1.443772002689795719e-03
-1.431905383489582781e-02
2.616589533641861323e-02
-2.624500613108657343e-02
2.248724338435978756e-02
1.979747636565004978e-02
-1.768126260828297575e-02
