3.372938174913958087e-01
3.086359321229366626e-01
3.437512361061655364e-01
3.216892132431453111e-01
3.149153514497033401e-01
3.474002215102233171e-01
3.590888414224107095e-01
3.619071634824561068e-01
3.149301847237035989e-01
3.495016019935904827e-01
3.250316443178654091e-01
3.190637237451038333e-01
3.627378268264686567e-01
3.037162295795250433e-01
3.656154819825150892e-01
3.529429215616456394e-01
3.211008267078033218e-01
3.508415410782785293e-01
3.103170365096302175e-01
3.419514655274696890e-01
3.489132154582481604e-01
3.108757564969730214e-01
3.522754242316347706e-01
3.402011391954419817e-01
3.178968395237513622e-01
3.741891143546525744e-01
2.961463154147368493e-01
3.539120287963277156e-01
3.308314544519584399e-01
3.310045093152948481e-01
3.395979193860987899e-01
3.436424587634970274e-01
3.367449863533868992e-01
3.310094537399616565e-01
3.719641232546160858e-01
3.115333649776496072e-01
3.144703532296968529e-01
3.463717811795413715e-01
3.447697875875149198e-01
3.317214508919723026e-01
3.542334163996666563e-01
3.209079941457995688e-01
3.355632688580343359e-01
3.669504766425361053e-01
3.143516870376952821e-01
3.258919742098800865e-01
3.341541078280116372e-01
2.918496103793353225e-01
3.867232308848536082e-01
3.255656421818746149e-01
3.265149717178895128e-01
3.506734306396092626e-01
3.261985285392179357e-01
3.803894228867510385e-01
3.406659151141166464e-01
3.576648471183878075e-01
3.232763735611713374e-01
3.451455638621874766e-01
3.243789802618555207e-01
3.374124836833969354e-01
3.493384359795869143e-01
3.579714014477253237e-01
3.497735453502609504e-01
3.402060836201080130e-01
3.216892132431457552e-01
3.327152802499889206e-01
3.127200268976680908e-01
3.099115936869569765e-01
2.871177959732593710e-01
3.552915232783508959e-01
3.557661880463577897e-01
3.305891776432884344e-01
3.508415410782784738e-01
3.277016336379091621e-01
3.689035243859004054e-01
3.041315612515309574e-01
3.521864245876343835e-01
3.237856493018455573e-01
3.453631185475241061e-01
3.345842727740184208e-01
3.072910486135817520e-01
4.092698073652132895e-01
3.695907994145783415e-01
3.317807839879738929e-01
3.198498872671154403e-01
2.996074126814595173e-01
3.293728491752683785e-01
3.177435623590832425e-01
3.416745777461326350e-01
3.571160159803796197e-01
3.434051263794931086e-01
3.413779122661272925e-01
2.929126616826850382e-01
3.151675171077079618e-01
3.624510501957978748e-01
3.528291997943107661e-01
3.579120683517251766e-01
3.114839207309819669e-01
3.568440726237073757e-01
3.175655630710799704e-01
