13.3
13.3
13.7
12.9
13.6
13.8
13.5
13.4
13.1
12.9
13.4
13
13.6
13.5
12.9
13.7
13.7
13.6
13.1
13.5
13.5
13.1
13.1
13.7
13.4
13.5
13.1
13.5
13.6
13.7
13.7
13
13.5
13.6
13.2
13.3
13.8
13.5
13.7
13.7
13
13.8
12.9
13.6
13.8
13.7
14.3
12.9
13.1
13.3
13.4
13.8
13.4
13.2
12.9
13.2
13.7
13.2
13.4
13.4
13
13.1
13.5
13.2
13.6
13.1
13.1
13.1
13.4
13.6
13.1
13.6
12.8
13.7
13.1
12.9
13.2
13.7
13.7
13.3
13.3
13
13.5
12.9
13.5
13.6
13.7
13.2
13.1
13.2
13
13.4
13
13.5
13
13.2
13.3
13.5
13.8
13.6
13.4
13.6
13.4
13.7
12.9
13.8
13.2
12.8
13
13.6
13
13.5
12.8
13.2
13.5
13
13.7
13.6
13.5
13
13.5
13.7
13.2
NA
12.9
13.7
13.5
14.2
14.6
13.6
12.9
13.3
13.1
13.1
12.9
13.7
13.4
12.9
13.4
13
13.2
12.9
13.3
12.9
13.6
12.9
13.2
13.4
13.5
13.4
13.4
13
13.2
13.6
13.1
12.9
13.1
12.4
13.8
13.7
