3103
3032
3029
2979
2975
2938
2929
2923
2915
2912
2905
2902
2895
2880
2876
2866
2836
2830
2816
2807
2790
2788
2782
2780
2773
2768
2763
2758
2750
2748
2746
2730
2729
2728
2727
2726
2718
2716
2709
2706
2703
2702
2700
2681
2674
2669
2662
2655
2647
2646
2641
2638
2637
2635
2630
2627
2623
2622
2621
2620
2618
2616
2614
2608
2604
2601
2599
2598
2597
2594
2592
2590
2589
2586
2585
2584
2579
2576
2574
2573
2572
2570
2569
2563
2559
2558
2555
2554
2553
2552
2551
2549
2548
2543
2540
2539
2538
2537
2536
2535
2532
2528
2527
2524
2522
2518
2516
2515
2513
2511
2510
2509
2507
2506
2505
2501
2500
2496
2495
2494
2493
2490
2488
2485
2479
2477
2476
2475
2474
2471
2469
2468
2467
2465
2461
2460
2459
2458
2457
2456
2453
2450
2447
2446
2440
2432
2429
2428
2427
2425
2424
2423
2421
2420
2418
2417
2415
2414
2413
2412
2411
2406
2405
2403
2401
2400
2399
2398
2395
2394
2393
2392
2391
2390
2389
2387
2386
2385
2384
2383
2382
2381
2380
2379
2373
2372
2370
2369
2365
2364
2361
2360
2359
2357
2355
2353
2351
2350
2349
2347
2346
2345
2342
2341
2340
2337
2332
2331
2330
2329
2327
2326
2324
2323
2322
2317
2315
2314
2313
2312
2311
2310
2309
2308
2293
2282
2265
2261
2260
2259
2257
2256
2253
2252
2251
2249
2248
2246
2241
2238
2237
2236
2233
2232
2231
2230
2229
2226
2225
2224
2223
2220
2217
2216
2215
2214
2213
2212
2211
2210
2208
2207
2205
2203
2202
2201
2195
2194
2193
2191
2190
2189
2188
2187
2185
2184
2182
2181
2180
2178
2177
2176
2175
2174
2173
2172
2171
2169
2166
2164
2163
2162
2161
2159
2157
2156
2153
2152
2151
2150
2149
2148
2147
2146
2145
2144
2143
2142
2141
2138
2137
2134
2133
2132
2131
2130
2129
2128
2127
2126
2125
2124
2123
2122
2121
2120
2119
2118
2117
2115
2114
2110
2109
2108
2107
2105
2104
2101
2099
2098
2097
2096
2095
2092
2091
2090
2089
2087
2086
2085
2084
2082
2081
2080
2078
2077
2076
2075
2074
2073
2072
2070
2069
2067
2066
2064
2063
2062
2061
2060
2059
2058
2057
2055
2054
2053
2052
2051
2050
2049
2048
2047
2046
2045
2044
2043
2041
2040
2039
2038
2037
2036
2034
2033
2032
2031
2028
2027
2026
2025
2024
2023
2022
2021
2020
2019
2018
2016
2015
2014
2013
2012
2011
2010
2009
2008
2005
2004
2003
2002
2001
2000
1999
1998
1997
1996
1995
1994
1993
1992
1991
1990
1989
1988
1987
1986
1985
1984
1983
1981
1980
1979
1978
1977
1976
1975
1974
1973
1972
1971
1970
1969
1968
1967
1966
1965
1964
1963
1962
1961
1960
1959
1958
1957
1956
1955
1953
1952
1951
1949
1850
1847
1839
1830
1814
1810
1809
1808
1803
1796
1790
1784
1783
1779
1772
1770
1763
1754
1752
1748
1747
1735
1734
1730
1729
1728
1717
1716
1714
1708
1702
1672
1662
1658
1656
1650
1647
1646
1640
1621
1617
1600
1588
1584
1583
1581
1572
1567
1563
1561
1560
1557
1536
1533
1531
1523
1520
1519
1517
1516
1515
1514
1508
1506
1496
1494
1493
1487
1486
1476
1469
1468
1467
1463
1457
1455
1453
1449
1448
1445
1432
1431
1429
1427
1421
1416
1412
1408
1407
1406
1404
1400
1398
1396
1395
1394
1391
1389
993
990
989
985
978
890
850
845
843
841
840
837
836
835
790
788
787
786
777
776
773
680
672
671
670
668
591
590
589
588
430
429
426
423
422
421
266
252
251
250
184
182
100
95
62
33
19
12
6


