3223
3222
3221
3220
3219
3218
3217
3216
3215
3214
2910
2909
2908
2907
2906
2905
2904
2903
2902
2901
2805
2804
2803
2802
2801
2800
2799
2798
2797
2796
2729
2728
2727
2726
2725
2724
2723
2722
2721
2720
2659
2658
2657
2656
2655
2654
2653
2652
2651
2650
2583
2582
2581
2580
2579
2578
2577
2576
2575
2574
2549
2548
2547
2546
2545
2544
2543
2542
2541
2540
2504
2503
2502
2501
2500
2499
2498
2497
2496
2495
2431
2430
2429
2428
2427
2426
2425
2424
2423
2422
2305
2304
2303
2302
2301
2300
2299
2298
2297
2296
2278
2277
2276
2275
2274
2273
2272
2271
2270
2269
2230
2229
2228
2227
2226
2225
2224
2223
2222
2221
2172
2171
2170
2169
2168
2167
2166
2165
2164
2163
2145
2144
2143
2142
2141
2140
2139
2138
2137
2136
2121
2120
2119
2118
2117
2116
2115
2114
2113
2112
2093
2092
2091
2090
2089
2088
2087
2086
2085
2084
2062
2061
2060
2059
2058
2057
2056
2055
2054
2053
2011
2010
2009
2008
2007
2006
2005
2004
2003
2002
1960
1959
1958
1957
1956
1955
1954
1953
1952
1951
1935
1934
1933
1932
1931
1930
1929
1928
1927
1926
1909
1908
1907
1906
1905
1904
1903
1902
1901
1900
1866
1865
1864
1863
1862
1861
1860
1859
1858
1857
1852
1851
1850
1849
1848
1847
1846
1845
1844
1843
1792
1791
1790
1789
1788
1787
1786
1785
1784
1783
1778
1777
1776
1775
1774
1773
1772
1771
1770
1769
1745
1744
1743
1742
1741
1740
1739
1738
1737
1736
1573
1572
1571
1570
1569
1568
1567
1566
1565
1564
1522
1521
1520
1519
1518
1517
1516
1515
1514
1513
1471
1470
1469
1468
1467
1466
1465
1464
1463
1462
1458
1457
1456
1455
1454
1453
1452
1451
1450
1449
1397
1396
1395
1394
1393
1392
1391
1390
1389
1388
1374
1373
1372
1371
1370
1369
1368
1367
1366
1365
1352
1351
1350
1349
1348
1347
1346
1345
1344
1343
1326
1325
1324
1323
1322
1321
1320
1319
1318
1317
1311
1310
1309
1308
1307
1306
1305
1304
1303
1302
1294
1293
1292
1291
1290
1289
1288
1287
1286
1285
1278
1277
1276
1275
1274
1273
1272
1271
1270
1269
1253
1252
1251
1250
1249
1248
1247
1246
1245
1244
1235
1234
1233
1232
1231
1230
1229
1228
1227
1226
1013
1012
1011
1010
1009
1008
1007
1006
1005
1004
954
953
952
951
950
949
948
947
946
945
907
906
905
904
903
902
901
900
899
898
879
878
877
876
875
874
873
872
871
870
858
857
856
855
854
853
852
851
850
849
757
756
755
754
753
752
751
750
749
748
727
726
725
724
723
722
721
720
719
718
638
637
636
635
634
633
632
631
630
629
590
589
588
587
586
585
584
583
582
581
378
377
376
375
374
373
372
371
370
369
169
168
167
166
165
164
163
162
161
160
85
84
83
82
81
80
79
78
77
76
34
33
32
31
30
29
28
27
26
25
4
3
1
