1 1 1
1 1 1
2 3 3
1 1 1
1 1 1
3 3 4
1 1 1
1 1 1
1 25 25
2 2 3
1 1 1
1 2 3
1 1 1
1 2 1
1 1 2
3 25 2
1 1 25
1 1 1
3 2 3
1 1 1
1 1 1
1 1 1
1 1 1
1 1 25
1 25 25
1 1 1
1 1 1
2 2 2
3 3 3
3 25 3
1 1 25
1 1 3
1 1 1
1 2 3
2 2 2
2 3 3
1 1 1
1 1 1
1 1 1
1 1 25
2 3 2
1 1 4
1 1 2
3 2 3
3 3 3
1 1 2
1 3 2
25 1 2
1 1 3
1 1 3
3 3 4
1 3 3
1 1 1
1 1 1
1 1 1
1 1 1
1 1 3
2 2 3
1 1 1
2 1 2
1 1 1
1 1 3
3 25 25
4 3 3
3 3 4
1 1 2
2 3 25
1 1 1
1 3 3
1 1 1
3 2 2
3 3 3
1 1 1
3 4 4
2 3 4
1 1 2
1 1 1
2 2 2
1 1 2
1 1 4
3 3 4
1 1 1
1 1 1
1 1 1
2 2 2
2 2 1
1 1 3
1 1 1
1 1 1
1 1 2
1 1 1
1 1 1
1 1 1
1 25 25
1 1 1
1 1 25
1 1 1
3 3 3
2 2 3
2 1 2
2 2 4
2 25 25
1 25 25
1 25 25
1 1 1
1 3 3
1 1 3
1 1 2
1 2 3
1 1 1
1 2 4
1 1 1
2 2 3
1 1 3
1 1 3
1 1 1
1 2 2
1 1 25
1 1 25
1 1 1
1 1 1
2 1 2
1 1 3
2 25 25
1 1 1
3 3 3
1 1 2
4 3 25
3 2 25
1 1 1
3 3 3
1 1 1
2 25 25
1 1 1
1 1 1
25 1 2
1 1 1
1 1 1
1 1 1
1 1 2
1 1 1
1 1 2
1 1 1
4 3 3
1 25 25
1 2 2
1 1 1
1 1 1
2 3 3
1 1 3
1 2 1
2 2 3
25 4 25
25 2 3
25 4 25
25 1 25
25 3 4
25 1 25
25 25 2
25 25 2
