0.442268300921511 2.09683124022893 0.442268300921511
1.32880068106545 1.32880068106545 1.32880068106545
2.73541902640162 2.73541902640162 2.73541902640162
NA 0.743359435266682 0.743359435266682
3.4349782022598 NA NA
1.47309885954745 1.47309885954745 1.47309885954745
2.5308815163891 2.5308815163891 2.5308815163891
1.28770153762431 1.28770153762431 1.28770153762431
2.43922349324534 NA NA
0.321436230067489 0.321436230067489 0.647507721961677
0.990422763268292 0.990422763268292 0.990422763268292
2.43922349324534 2.43922349324534 2.43922349324534
2.16790941923319 2.16790941923319 2.16790941923319
NA 2.01845392565696 NA
1.0579263915793 1.0579263915793 1.0579263915793
0.841328265304334 NA 0.841328265304334
1.80820055580126 1.80820055580126 NA
2.0196426045219 2.0196426045219 2.0196426045219
5.5971802945769 5.5971802945769 5.5971802945769
4.48564223383898 4.48564223383898 4.48564223383898
4.48564223383898 4.48564223383898 4.48564223383898
0.82785219091333 0.82785219091333 NA
NA NA NA
1.38070027522269 NA NA
2.02154551024705 NA NA
NA 2.24577876247862 NA
0.83389282884553 0.83389282884553 0.83389282884553
1.72103842199993 1.72103842199993 1.72103842199993
3.39336665422409 3.39336665422409 3.39336665422409
0.489491828328114 NA NA
0.94984538215438 NA NA
1.99815120799203 1.99815120799203 1.99815120799203
1.51344020364202 1.51344020364202 1.51344020364202
3.04505521296413 3.04505521296413 3.04505521296413
0.987125245346304 0.987125245346304 0.987125245346304
0.946628887156947 NA 0.946628887156947
1.08678620252559 1.08678620252559 1.08678620252559
1.192159490169 1.192159490169 1.192159490169
1.38070027522269 1.38070027522269 1.38070027522269
2.12624463550176 2.12624463550176 NA
3.30175048269853 3.30175048269853 3.30175048269853
NA NA 2.19219074215726
2.0962555307023 2.0962555307023 2.0962555307023
2.39632557262155 2.39632557262155 2.39632557262155
NA NA NA
0.431688834694621 0.431688834694621 0.431688834694621
2.84182146694686 2.84182146694686 2.80019610920378
NA NA NA
1.23799242727894 1.23799242727894 1.23799242727894
2.03248277975485 NA 2.03248277975485
3.27337841533789 3.27337841533789 3.27337841533789
0.662798046164893 0.662798046164893 0.662798046164893
1.63378035549458 1.63378035549458 1.63378035549458
0.130962780972305 0.130962780972305 0.130962780972305
NA NA NA
2.03248277975485 2.03248277975485 2.03248277975485
1.42410752754137 1.42410752754137 NA
0.672486616967208 0.672486616967208 0.672486616967208
NA NA 6.58259730273697
1.49595295714805 0.323598902964766 1.49595295714805
0.622037981155492 0.622037981155492 0.622037981155492
3.30175048269853 3.30175048269853 3.30175048269853
2.44177481557985 NA NA
0.103929062345429 0.103929062345429 0.103929062345429
1.1711226451572 1.1711226451572 1.1711226451572
1.49595295714805 1.49595295714805 1.49595295714805
0.807908565371107 0.807908565371107 NA
0.401353024157038 0.401353024157038 0.401353024157038
2.43922349324534 2.43922349324534 2.43922349324534
0.103929062345429 0.676137744841981 0.676137744841981
0.420258551370463 0.420258551370463 0.828116084857673
1.51447061708044 1.51447061708044 1.51447061708044
0.743001514130355 0.743001514130355 0.743001514130355
1.96733480882131 1.96733480882131 1.96733480882131
0.546487191066726 0.546487191066726 0.546487191066726
2.48650080434332 2.48650080434332 2.48650080434332
0.442268300921511 0.442268300921511 0.442268300921511
1.99815120799203 NA 1.99815120799203
0.534093858792628 0.534093858792628 0.534093858792628
NA NA 2.64348089646965
0.449584530427816 0.449584530427816 0.449584530427816
2.71693324356709 2.71693324356709 2.71693324356709
NA 2.96840213751439 2.96840213751439
NA 2.60263832485422 2.60263832485422
1.49595295714805 NA 1.49595295714805
2.78977763450781 2.78977763450781 2.78977763450781
1.23799242727894 1.23799242727894 1.23799242727894
1.50898550357517 1.50898550357517 1.50898550357517
1.31624703228535 1.31624703228535 1.31624703228535
2.78977763450781 3.53722663254703 3.53722663254703
1.63378035549458 1.63378035549458 1.63378035549458
NA NA NA
0.807908565371107 0.807908565371107 0.807908565371107
2.87321931811687 NA NA
1.97005158561902 1.97005158561902 1.97005158561902
0.657918118005577 0.657918118005577 NA
0.987125245346304 1.44449757701424 1.44449757701424
1.33560370245069 1.33560370245069 NA
0.191141962949008 0.191141962949008 0.191141962949008
NA NA NA
2.93946547011527 2.93946547011527 2.93946547011527
NA NA NA
NA NA NA
2.51706818540937 NA NA
1.19267189536771 1.19267189536771 3.22655020881436
1.69977594111695 1.69977594111695 1.69977594111695
0.534093858792628 0.534093858792628 NA
1.82963391146972 1.82963391146972 1.82963391146972
NA NA NA
NA 0.200490024689509 0.200490024689509
NA NA NA
1.08678620252559 1.08678620252559 1.08678620252559
1.13148585939021 1.13148585939021 1.13148585939021
1.192159490169 1.192159490169 1.192159490169
2.08877936843507 2.08877936843507 2.08877936843507
1.00675729448562 1.00675729448562 1.00675729448562
NA 1.92524576353254 1.92524576353254
2.96840213751439 2.96840213751439 2.96840213751439
1.30270574190797 1.30270574190797 NA
NA NA NA
0.990422763268292 0.990422763268292 0.990422763268292
0.100534819838701 NA 0.100534819838701
0.380012170857724 0.380012170857724 0.380012170857724
NA NA NA
1.55431986733748 1.69483221883466 1.55431986733748
2.43922349324534 2.43922349324534 2.42439069664937
2.96840213751439 2.96840213751439 2.96840213751439
NA NA NA
NA NA NA
0.663344744457963 0.663344744457963 0.663344744457963
2.0196426045219 2.0196426045219 2.0196426045219
0.268918668002056 0.268918668002056 0.268918668002056
NA NA NA
0.725444174282212 0.725444174282212 0.725444174282212
1.29495028862115 1.29495028862115 1.29495028862115
NA NA NA
NA NA NA
2.39436531256197 2.39436531256197 2.39436531256197
1.37143474142957 1.37143474142957 1.37143474142957
0.289313411372511 0.289313411372511 0.289313411372511
2.06183904560953 2.06183904560953 2.06183904560953
3.1076092498897 3.1076092498897 3.1076092498897
1.94685676155181 1.94685676155181 1.94685676155181
NA NA NA
0.563223978537846 NA NA
0.79396552192145 NA NA
4.73922116491729 4.73922116491729 4.73922116491729
NA 2.01845392565696 2.01845392565696
1.86874991638796 1.86874991638796 1.86874991638796
0.191141962949008 0.191141962949008 NA
0.743001514130355 0.743001514130355 0.743001514130355
NA NA NA
NA NA NA
NA NA 1.67304729460945
NA 3.30807787846659 NA
NA 0.4504933406833 NA
NA NA NA
NA 2.19996164739297 NA
NA NA 3.39585339053381
NA NA 3.23598273326667
