2 1 1
1 1 1
3 3 3
1 1 1
1 1 1
3 3 3
1 1 1
1 1 1
1 25 25
1 1 1
1 1 1
1 1 1
1 1 3
1 1 1
1 2 3
1 25 3
1 1 25
1 1 1
3 3 3
1 1 1
1 1 1
1 1 1
1 1 1
1 1 25
1 25 25
1 1 1
1 2 2
3 2 1
3 2 3
1 25 1
1 2 25
1 1 1
1 2 3
2 2 3
1 1 1
1 1 1
1 1 1
1 1 1
1 1 1
1 1 25
2 3 3
1 1 1
1 2 2
1 1 3
3 3 2
1 3 1
2 3 3
25 1 1
1 1 2
1 1 1
1 1 1
1 3 3
1 1 1
1 1 1
1 1 1
1 1 1
2 3 1
1 1 1
1 1 1
1 1 1
1 1 1
1 1 1
2 25 25
3 3 3
2 3 3
1 1 1
1 1 25
1 1 1
1 1 1
1 1 1
1 1 1
3 3 3
1 2 1
1 3 3
1 3 3
1 1 1
1 1 1
1 1 1
1 1 1
1 3 3
2 3 3
1 1 1
1 1 1
1 1 1
1 1 1
1 1 1
1 1 3
1 1 1
1 1 1
1 1 1
1 1 1
1 1 1
1 1 3
1 25 25
1 1 1
1 3 25
1 1 1
1 1 2
1 1 1
1 1 1
1 1 2
3 25 25
1 25 25
1 25 25
1 1 1
1 1 3
1 1 3
1 1 1
1 1 3
1 1 1
1 3 3
1 1 1
1 3 1
1 1 1
1 1 3
1 1 1
1 1 1
1 1 1
1 1 25
1 1 1
1 1 1
1 1 1
2 1 3
1 25 25
1 1 1
3 3 3
1 1 1
3 3 25
1 1 25
2 1 1
2 1 1
1 1 1
1 25 25
1 1 1
1 1 1
25 1 1
1 1 1
1 1 1
1 1 1
1 1 1
1 1 1
1 1 1
1 1 1
3 3 3
1 25 25
1 1 1
1 1 1
1 1 1
1 1 1
1 1 1
1 1 1
1 3 3
25 1 25
25 1 1
25 3 25
25 1 25
25 3 3
25 1 25
25 25 1
25 25 3
